Chr	winID	start	end	winCenter	mean_perm_perc	prop_perm_perc
Chr05_Occ	96	4760042	4810042	4785042	0.9999410173661726	1
Chr05_Occ	97	4810042	4860042	4835042	0.9996292520159422	0.9967643812300407
Chr04_Occ	1074	53655352	53705352	53680352	0.9955088937385721	0.9938236756292184
Chr04_Occ	1076	53755352	53805352	53780352	0.9910430657487845	0.9656805332030098
Chr02_Occ	128	6357793	6407793	6382793	0.9863665854953277	0.9509095964745237
Chr04_Occ	1021	51005352	51055352	51030352	0.9858357417908813	0.9960565896241121
Chr05_Occ	91	4510042	4560042	4535042	0.9833753233512247	0.9911694571069861
Chr05_Occ	98	4860042	4910042	4885042	0.9794319129753368	0.9818923314149934
Chr05_Occ	92	4560042	4610042	4585042	0.9752694242452329	0.9804683221125894
Chr05_Occ	86	4260042	4310042	4285042	0.974974511076096	0.9773169642480978
Chr05_Occ	94	4660042	4710042	4685042	0.9747638588124268	0.9807295309195393
Chr04_Occ	1078	53855352	53905352	53880352	0.9737611540373613	0.9710985094245823
Chr04_Occ	1048	52355352	52405352	52380352	0.9709973963380211	0.9845549760277724
Chr04_Occ	1075	53705352	53755352	53730352	0.9522156405092729	0.9484660302159607
Chr06_Pall	1092	54574841	54624841	54599841	0.9521650839659923	0.9595716175566023
Chr07_Occ	1100	54967332	55017332	54992332	0.9482385257711979	0.8639270637602272
Chr01_Pall	934	46679843	46729843	46704843	0.9409752357198831	0.9195561135499962
Chr03_Occ	648	32408557	32458557	32433557	0.9401663310273932	0.9332737889601361
Chr08_Pall	8	372347	422347	397347	0.9369138600763404	0.9406718964601993
Chr01_Pall	493	24629843	24679843	24654843	0.931529588216955	0.9418094186840131
Chr08_Occ	26	1270573	1320573	1295573	0.9301814137294719	0.802576698489202
Chr04_Occ	1073	53605352	53655352	53630352	0.9287995348798018	0.9564539640542977
Chr06_Occ	1193	59622456	59672456	59647456	0.9183427565112615	0.8152916691242764
Chr06_Occ	203	10122456	10172456	10147456	0.914239250414985	0.915368346548252
Chr04_Occ	1083	54105352	54155352	54130352	0.9018107668585007	0.8773666781823237
Chr02_Pall	33	1611600	1661600	1636600	0.9011703839769463	0.9445057676589793
Chr05_Occ	90	4460042	4510042	4485042	0.8995778528636069	0.9128405193842213
Chr02_Pall	716	35761600	35811600	35786600	0.8990470091591605	0.9100093529605069
Chr03_Occ	923	46158557	46208557	46183557	0.8926937368868966	0.939188904523968
Chr03_Occ	782	39108557	39158557	39133557	0.8898541443726354	0.859082061695835
Chr03_Pall	104	5158039	5208039	5183039	0.8869387170434534	0.8109775107643307
Chr01_Pall	394	19679843	19729843	19704843	0.8782682698708281	0.7813682285829844
Chr02_Pall	717	35811600	35861600	35836600	0.876920095383345	0.9507326485730415
Chr03_Occ	1138	56908557	56958557	56933557	0.8741563376840048	0.8361462432275297
Chr03_Occ	1124	56208557	56258557	56233557	0.8690838311748498	0.8238188727576067
Chr03_Occ	1139	56958557	57008557	56983557	0.8570935043267975	0.8959462078379494
Chr01_Pall	44	2179843	2229843	2204843	0.856234043091027	0.8137496945542176
Chr06_Occ	238	11872456	11922456	11897456	0.8535545462971545	0.6383353415515803
Chr08_Occ	841	42020573	42070573	42045573	0.8486758398705753	0.6558363316172195
Chr04_Occ	1071	53505352	53555352	53530352	0.8486337094178414	0.7770203658608515
Chr01_Occ	936	46751721	46801721	46776721	0.8378230352463367	0.9366610773599373
Chr05_Occ	93	4610042	4660042	4635042	0.8333572072565492	0.8673733347938557
Chr05_Occ	88	4360042	4410042	4385042	0.8145080427034269	0.42614952940284295
Chr01_Occ	924	46151721	46201721	46176721	0.7947404342807067	0.6175481761727012
Chr01_Occ	1141	57001721	57051721	57026721	0.7940157904936846	0.7369964357636987
Chr04_Occ	1077	53805352	53855352	53830352	0.7906453542749771	0.6780643584795962
Chr01_Occ	926	46251721	46301721	46276721	0.7890612492521845	0.8040596904254333
Chr06_Pall	258	12874841	12924841	12899841	0.787949005300011	0.7363644789726911
Chr01_Pall	1296	64779843	64829843	64804843	0.7862469350095637	0.6113044430775453
Chr05_Occ	66	3260042	3310042	3285042	0.762561194482596	0.5403314824021099
Chr05_Pall	1118	55852905	55902905	55877905	0.7576909141465634	0.7437541603822074
Chr03_Occ	1174	58708557	58758557	58733557	0.7573538705246926	0.6979415060794243
Chr05_Pall	96	4752905	4802905	4777905	0.7428188643315161	0.8608431146201098
Chr04_Occ	1022	51055352	51105352	51080352	0.725056665458927	0.5523386614312558
Chr08_Occ	1167	58320573	58370573	58345573	0.7240118302311277	0.7090723716917062
Chr01_Pall	1274	63679843	63729843	63704843	0.7230428298182492	0.47918334330420714
Chr07_Occ	953	47617332	47667332	47642332	0.7221328120391982	0.5598968646517075
Chr03_Occ	680	34008557	34058557	34033557	0.7158216702196681	0.7843173602743535
Chr01_Pall	164	8179843	8229843	8204843	0.7114232509542547	0.7338197996275668
Chr01_Occ	553	27601721	27651721	27626721	0.7039661608203642	0.35783921334018653
Chr03_Occ	1173	58658557	58708557	58683557	0.6819403601311099	0.6495420419787831
Chr04_Occ	1068	53355352	53405352	53380352	0.6797327244078565	0.5635706401300988
Chr01_Pall	895	44729843	44779843	44754843	0.6684838935279198	0.7148105393540559
Chr03_Occ	1182	59108557	59158557	59133557	0.6637568567311825	0.754969286899957
Chr03_Occ	681	34058557	34108557	34083557	0.6354788968562256	0.8426006285863548
Chr04_Occ	262	13055352	13105352	13080352	0.6315102082086974	0.7708777458522569
Chr02_Occ	853	42607793	42657793	42632793	0.6264377016995425	0.6393970289604732
Chr02_Occ	842	42057793	42107793	42082793	0.6086755028269534	0.7068057533346254
Chr08_Occ	407	20320573	20370573	20345573	0.5983366897260678	0.573049991995214
Chr05_Pall	91	4502905	4552905	4527905	0.5948904186924393	0.560461412718341
Chr01_Pall	893	44629843	44679843	44654843	0.5942247575392445	0.8109775107643307
Chr04_Occ	1082	54055352	54105352	54080352	0.5937444703780786	0.6071588065285349
Chr08_Pall	9	422347	472347	447347	0.5861272845237995	0.8238188727576067
Chr01_Pall	366	18279843	18329843	18304843	0.5838606661667186	0.6833138128902333
Chr02_Pall	121	6011600	6061600	6036600	0.5755946713403383	0.8095703536430202
Chr06_Pall	818	40874841	40924841	40899841	0.5743476099394164	0.2616385375677247
Chr04_Pall	987	49302531	49352531	49327531	0.5736482444240346	0.8044220123189444
Chr03_Occ	1101	55058557	55108557	55083557	0.5693762165168227	0.5103177478745187
Chr05_Pall	518	25852905	25902905	25877905	0.556669671972295	0.601943056480085
Chr08_Occ	1294	64670573	64720573	64695573	0.5549338973196606	0.5849644840283453
Chr06_Occ	391	19522456	19572456	19547456	0.5471903201071798	0.3690374876768426
Chr03_Occ	913	45658557	45708557	45683557	0.5361352893098189	0.41772343885607394
Chr04_Occ	1018	50855352	50905352	50880352	0.534382662476091	0.32790973971806303
Chr06_Occ	449	22422456	22472456	22447456	0.5299589649390373	0.42143091869665233
Chr08_Occ	8	370573	420573	395573	0.5229400315135786	0.651623286343835
Chr02_Pall	581	29011600	29061600	29036600	0.515887393725933	0.3145291079297938
Chr08_Occ	410	20470573	20520573	20495573	0.5070905551951062	0.3371784393195089
Chr02_Occ	129	6407793	6457793	6432793	0.4893199302319703	0.45968536977898367
Chr02_Pall	715	35711600	35761600	35736600	0.47757396000977426	0.60643416274151285
Chr06_Pall	474	23674841	23724841	23699841	0.46754691225911915	0.7254274134429849
Chr03_Occ	1039	51958557	52008557	51983557	0.4600561177630415	0.479916413181776
Chr08_Occ	10	470573	520573	495573	0.45939045660984673	0.19278895171007507
Chr03_Occ	780	39008557	39058557	39033557	0.4582023778427523	0.3261655389748818
Chr06_Pall	284	14174841	14224841	14199841	0.45653401191449205	0.6738765914778521
Chr05_Pall	24	1152905	1202905	1177905	0.4432123627600502	0.4874661903116811
Chr05_Occ	897	44810042	44860042	44835042	0.43134842727019945	0.26393043419644585
Chr05_Occ	611	30510042	30560042	30535042	0.42873633920070103	0.5228810488797513
Chr08_Occ	411	20520573	20570573	20545573	0.425054137631763	0.4357384204450661
Chr03_Occ	1053	52658557	52708557	52683557	0.4230318759005384	0.6025328828183588
Chr03_Occ	1122	56108557	56158557	56133557	0.4148248637079854	0.16786457587273232
Chr05_Occ	172	8560042	8610042	8585042	0.4085979827939231	0.6706072683457056
Chr03_Occ	6	308557	358557	333557	0.39287489783365215	0.19195476874594494
Chr07_Occ	373	18617332	18667332	18642332	0.38649634728974797	0.35580852551841524
Chr04_Pall	1036	51752531	51802531	51777531	0.3844656594679766	0.2604420327100835
Chr08_Occ	11	520573	570573	545573	0.34875588773076954	0.5906268168757741
Chr08_Occ	1221	61020573	61070573	61045573	0.34329578105646325	0.2788530405547738
Chr04_Pall	901	45002531	45052531	45027531	0.32869336613891253	0.321708137075641
Chr04_Pall	939	46902531	46952531	46927531	0.32684805230917013	0.39283276738091827
Chr01_Pall	392	19579843	19629843	19604843	0.319483649171294	0.774012251535655
Chr03_Occ	61	3058557	3108557	3083557	0.3102655061131287	0.27306431634914347
Chr04_Occ	1135	56705352	56755352	56730352	0.30364259894336826	0.1872614363113946
Chr03_Occ	682	34108557	34158557	34133557	0.29758423984024135	0.22588663537778378
Chr02_Pall	580	28961600	29011600	28986600	0.2897648278128397	0.2317006378550544
Chr04_Occ	1210	60455352	60505352	60480352	0.27086510671643677	0.184110078446903
Chr03_Occ	1172	58608557	58658557	58633557	0.2701741672916017	0.17869210222533052
Chr08_Pall	7	322347	372347	347347	0.2648235997944034	0.6667818232374725
Chr01_Pall	891	44529843	44579843	44554843	0.2565997354207568	0.5212800916758652
Chr04_Pall	270	13452531	13502531	13477531	0.2529428121234591	0.4601993613023366
Chr02_Occ	1038	51857793	51907793	51882793	0.2512828722857456	0.3282046528871999
Chr06_Occ	1131	56522456	56572456	56547456	0.24938700191272256	0.3215227630836121
Chr05_Pall	92	4552905	4602905	4577905	0.22739490558565542	0.24171083342461597
Chr04_Occ	1036	51755352	51805352	51780352	0.2142923347854296	0.4256692422416771
Chr01_Pall	191	9529843	9579843	9554843	0.20755988843856116	0.16995424632833103
Chr08_Occ	812	40570573	40620573	40595573	0.1965891185466679	0.4039720590837469
