pop1	pop2	Chr	start	end	avg_hudson_fst	no_snps	winCenter	is_outlier
Urban	Rural	1	26500001	26550000	0.0267411699236402	332	26525000	1
Urban	Rural	1	44850001	44900000	0.0368874422743999	101	44875000	1
Urban	Rural	1	44900001	44950000	0.0419883877703101	131	44925000	1
Urban	Rural	1	45250001	45300000	0.0276000517050735	197	45275000	1
Urban	Rural	1	51000001	51050000	0.0267327902515756	315	51025000	1
Urban	Rural	1	52750001	52800000	0.0238709733161027	153	52775000	1
Urban	Rural	1	62950001	63000000	0.0251543692520755	298	62975000	1
Urban	Rural	1	67300001	67350000	0.0296076900089787	279	67325000	1
Urban	Rural	2	150001	200000	0.0244960150023441	98	175000	1
Urban	Rural	2	1200001	1250000	0.040461957439492	195	1225000	1
Urban	Rural	2	2650001	2700000	0.0309292330766604	206	2675000	1
Urban	Rural	2	10600001	10650000	0.0309874007866421	235	10625000	1
Urban	Rural	2	10900001	10950000	0.0289376511358453	111	10925000	1
Urban	Rural	2	13200001	13250000	0.0242169605602248	130	13225000	1
Urban	Rural	2	22650001	22700000	0.0367566950779335	350	22675000	1
Urban	Rural	2	22700001	22750000	0.0268689630976601	117	22725000	1
Urban	Rural	2	23450001	23500000	0.0263168914623329	250	23475000	1
Urban	Rural	2	35800001	35850000	0.0271707745305212	64	35825000	1
Urban	Rural	2	43600001	43650000	0.0238010907813426	109	43625000	1
Urban	Rural	2	44700001	44750000	0.056183973431585	367	44725000	1
Urban	Rural	2	44750001	44800000	0.036997292749526	265	44775000	1
Urban	Rural	2	46650001	46700000	0.0366828427767371	248	46675000	1
Urban	Rural	2	48450001	48500000	0.024291087082457	368	48475000	1
Urban	Rural	2	48500001	48550000	0.0227911952499759	161	48525000	1
Urban	Rural	2	52550001	52600000	0.0331954112520303	217	52575000	1
Urban	Rural	2	57500001	57550000	0.0269732744749251	344	57525000	1
Urban	Rural	2	66450001	66500000	0.0350696296562668	212	66475000	1
Urban	Rural	3	450001	500000	0.0280676349535771	303	475000	1
Urban	Rural	3	8900001	8950000	0.0330842169079529	187	8925000	1
Urban	Rural	3	41300001	41350000	0.0267818011528703	325	41325000	1
Urban	Rural	3	42150001	42200000	0.0249837175487754	200	42175000	1
Urban	Rural	3	42450001	42500000	0.0276049031374369	390	42475000	1
Urban	Rural	3	42550001	42600000	0.0384216934452554	412	42575000	1
Urban	Rural	3	42600001	42650000	0.0432357784510031	226	42625000	1
Urban	Rural	3	42650001	42700000	0.0423446827370112	934	42675000	1
Urban	Rural	3	42700001	42750000	0.0294349050962929	441	42725000	1
Urban	Rural	3	42750001	42800000	0.0249834945230147	900	42775000	1
Urban	Rural	3	42800001	42850000	0.0339315270583842	839	42825000	1
Urban	Rural	3	42850001	42900000	0.0228835897691617	695	42875000	1
Urban	Rural	3	45100001	45150000	0.0368119399496824	202	45125000	1
Urban	Rural	3	45800001	45850000	0.027034635798329	63	45825000	1
Urban	Rural	4	28450001	28500000	0.0245731303961447	167	28475000	1
Urban	Rural	4	28850001	28900000	0.0286380441402961	75	28875000	1
Urban	Rural	4	29000001	29050000	0.026722687028775	441	29025000	1
Urban	Rural	4	35600001	35650000	0.0260196493115406	214	35625000	1
Urban	Rural	4	35650001	35700000	0.0252700637280139	342	35675000	1
Urban	Rural	4	35700001	35750000	0.0233710782285002	205	35725000	1
Urban	Rural	4	35750001	35800000	0.0248314937090068	198	35775000	1
Urban	Rural	4	35800001	35850000	0.035155534790166	229	35825000	1
Urban	Rural	4	35850001	35900000	0.0315842488497357	83	35875000	1
Urban	Rural	5	2800001	2850000	0.0254546970012047	91	2825000	1
Urban	Rural	5	23350001	23400000	0.0276119187085864	251	23375000	1
Urban	Rural	5	35750001	35800000	0.0227039800035983	325	35775000	1
Urban	Rural	5	36700001	36750000	0.0255895225031027	499	36725000	1
Urban	Rural	5	43050001	43100000	0.0247524071337565	212	43075000	1
Urban	Rural	5	46150001	46200000	0.0231237490995113	151	46175000	1
Urban	Rural	5	53150001	53200000	0.0227085647664115	264	53175000	1
Urban	Rural	5	58750001	58800000	0.0272745917960971	202	58775000	1
Urban	Rural	6	22100001	22150000	0.0330434408652596	183	22125000	1
Urban	Rural	6	43200001	43250000	0.0231970887199776	123	43225000	1
Urban	Rural	6	54750001	54800000	0.0314797698670068	98	54775000	1
Urban	Rural	6	55050001	55100000	0.0304178713885055	173	55075000	1
Urban	Rural	6	56700001	56750000	0.0245575920960094	146	56725000	1
Urban	Rural	6	57300001	57350000	0.0455136137961011	149	57325000	1
Urban	Rural	6	57350001	57400000	0.0315398171901906	176	57375000	1
Urban	Rural	7	400001	450000	0.034554451561563	146	425000	1
Urban	Rural	7	5650001	5700000	0.0233814063431176	156	5675000	1
Urban	Rural	7	5700001	5750000	0.047196162006375	231	5725000	1
Urban	Rural	7	5750001	5800000	0.0246473394653942	352	5775000	1
Urban	Rural	7	7400001	7450000	0.0351655187318961	109	7425000	1
Urban	Rural	7	7450001	7500000	0.0494612834812694	117	7475000	1
Urban	Rural	7	7500001	7550000	0.0282069677529157	231	7525000	1
Urban	Rural	7	7550001	7600000	0.0347303705602408	239	7575000	1
Urban	Rural	7	7600001	7650000	0.024127391827523	184	7625000	1
Urban	Rural	7	7650001	7700000	0.0291720227096221	175	7675000	1
Urban	Rural	7	9400001	9450000	0.0274115274015739	146	9425000	1
Urban	Rural	7	9700001	9750000	0.0260660317409209	56	9725000	1
Urban	Rural	7	51000001	51050000	0.0291903631635019	108	51025000	1
Urban	Rural	7	53750001	53800000	0.0296325379167938	259	53775000	1
Urban	Rural	8	17200001	17250000	0.0242940461191192	539	17225000	1
Urban	Rural	8	19300001	19350000	0.023207415146437	536	19325000	1
Urban	Rural	8	30650001	30700000	0.0255954370984213	182	30675000	1
Urban	Rural	8	30800001	30850000	0.0301844580914348	94	30825000	1
Urban	Rural	8	30850001	30900000	0.0272978382944018	203	30875000	1
Urban	Rural	8	31600001	31650000	0.0256835695146871	400	31625000	1
Urban	Rural	8	31750001	31800000	0.0285294568359199	179	31775000	1
Urban	Rural	8	39900001	39950000	0.0284498584090565	55	39925000	1
Urban	Rural	8	56450001	56500000	0.0254835287975967	267	56475000	1
Urban	Rural	9	3250001	3300000	0.0334210521689756	115	3275000	1
Urban	Rural	9	4500001	4550000	0.0245523767670969	275	4525000	1
Urban	Rural	9	4550001	4600000	0.0374864585425692	241	4575000	1
Urban	Rural	9	4600001	4650000	0.0473845276584847	150	4625000	1
Urban	Rural	9	4650001	4700000	0.0284809567156585	107	4675000	1
Urban	Rural	9	4800001	4850000	0.0496350111056887	201	4825000	1
Urban	Rural	9	16400001	16450000	0.055436834409556	121	16425000	1
Urban	Rural	9	18150001	18200000	0.0278797618521802	250	18175000	1
Urban	Rural	9	25400001	25450000	0.0324345511260635	136	25425000	1
Urban	Rural	9	25600001	25650000	0.0242089547593613	282	25625000	1
Urban	Rural	9	29850001	29900000	0.0235533053044568	56	29875000	1
Urban	Rural	9	36150001	36200000	0.0314241969626283	116	36175000	1
Urban	Rural	9	50000001	50050000	0.0255659869036324	262	50025000	1
Urban	Rural	9	50300001	50350000	0.0229602427022794	62	50325000	1
Urban	Rural	10	4600001	4650000	0.025566850368875	218	4625000	1
Urban	Rural	10	19950001	20000000	0.0319689064190667	78	19975000	1
Urban	Rural	10	21050001	21100000	0.0408315624816923	107	21075000	1
Urban	Rural	10	21100001	21150000	0.0278475256051128	106	21125000	1
Urban	Rural	10	36750001	36800000	0.0356433827772189	258	36775000	1
Urban	Rural	10	37800001	37850000	0.0422512392749112	136	37825000	1
Urban	Rural	10	55850001	55900000	0.0229131855859807	297	55875000	1
Urban	Rural	11	4200001	4250000	0.0268472620440774	216	4225000	1
Urban	Rural	11	17300001	17350000	0.0249882809863415	150	17325000	1
Urban	Rural	11	36650001	36700000	0.0236043606401445	182	36675000	1
Urban	Rural	11	36700001	36750000	0.0239331324506796	564	36725000	1
Urban	Rural	11	55200001	55250000	0.0300123530781258	245	55225000	1
Urban	Rural	11	59600001	59650000	0.0445648807517301	393	59625000	1
Urban	Rural	12	29850001	29900000	0.0248042243656278	244	29875000	1
Urban	Rural	12	48300001	48350000	0.0247943709429305	450	48325000	1
Urban	Rural	13	11650001	11700000	0.0361395045762261	334	11675000	1
Urban	Rural	13	12250001	12300000	0.0319813461511228	166	12275000	1
Urban	Rural	13	18250001	18300000	0.0275385185250803	341	18275000	1
Urban	Rural	13	23150001	23200000	0.026538017734614	131	23175000	1
Urban	Rural	13	23700001	23750000	0.0330131461668649	277	23725000	1
Urban	Rural	13	24000001	24050000	0.0389389449650722	111	24025000	1
Urban	Rural	13	24050001	24100000	0.0244953253876021	123	24075000	1
Urban	Rural	13	29750001	29800000	0.0242112996398519	493	29775000	1
Urban	Rural	13	29800001	29850000	0.024399296703904	368	29825000	1
Urban	Rural	13	29850001	29900000	0.0271628534875158	764	29875000	1
Urban	Rural	13	38950001	39000000	0.0500145519283433	100	38975000	1
Urban	Rural	13	39000001	39050000	0.0357332369512725	175	39025000	1
Urban	Rural	13	41150001	41200000	0.0315090203126929	174	41175000	1
Urban	Rural	13	41200001	41250000	0.0414182751348411	222	41225000	1
Urban	Rural	13	41250001	41300000	0.0265242053403784	181	41275000	1
Urban	Rural	13	43600001	43650000	0.0239589949139269	307	43625000	1
Urban	Rural	13	47350001	47400000	0.0344369548981856	141	47375000	1
Urban	Rural	13	47650001	47700000	0.0289046007070411	198	47675000	1
Urban	Rural	13	49750001	49800000	0.0255805178796025	155	49775000	1
Urban	Rural	13	49800001	49850000	0.0417588534884881	237	49825000	1
Urban	Rural	13	49850001	49900000	0.0233443067056824	94	49875000	1
Urban	Rural	13	50050001	50100000	0.0310204175230101	122	50075000	1
Urban	Rural	13	52150001	52200000	0.0352115191943985	236	52175000	1
Urban	Rural	14	14700001	14750000	0.0305999830752306	258	14725000	1
Urban	Rural	14	16100001	16150000	0.0258013133866043	85	16125000	1
Urban	Rural	14	16700001	16750000	0.0226015579829842	182	16725000	1
Urban	Rural	14	29400001	29450000	0.023465720271637	362	29425000	1
Urban	Rural	14	46750001	46800000	0.0238882830704746	270	46775000	1
Urban	Rural	14	49450001	49500000	0.0395279895752857	183	49475000	1
Urban	Rural	15	2650001	2700000	0.0322438057190938	66	2675000	1
Urban	Rural	15	14050001	14100000	0.0433766713068217	73	14075000	1
Urban	Rural	15	19800001	19850000	0.0506825869061498	316	19825000	1
Urban	Rural	15	26050001	26100000	0.0236747573823501	85	26075000	1
Urban	Rural	15	27250001	27300000	0.0362292276884154	257	27275000	1
Urban	Rural	15	30900001	30950000	0.0240053958470129	115	30925000	1
Urban	Rural	15	30950001	31000000	0.0294170963464502	351	30975000	1
Urban	Rural	15	31000001	31050000	0.0235276239840943	495	31025000	1
Urban	Rural	15	31050001	31100000	0.0235744928843124	184	31075000	1
Urban	Rural	15	59100001	59150000	0.0230659152744766	95	59125000	1
Urban	Rural	16	3100001	3150000	0.0360569726212963	153	3125000	1
Urban	Rural	16	7650001	7700000	0.0296436855765111	114	7675000	1
Urban	Rural	16	15500001	15550000	0.0270326852036251	150	15525000	1
Urban	Rural	16	16600001	16650000	0.0435279016704053	128	16625000	1
Urban	Rural	16	19300001	19350000	0.0298312321440294	279	19325000	1
Urban	Rural	16	30450001	30500000	0.0311019392251605	186	30475000	1
